3676
7230
6872
4867
3680
2885
7300
8765
7714
1714
5145
4485
7019
1332
1429
4080
4462
1286
7164
2727
2596
935
8348
7172
2260
9566
6767
7342
5120
557
6694
725
4622
8028
216
3603
7503
760
2393
1563
3683
6807
6918
6254
1558
5305
5348
7797
3239
3269
770
1127
9010
9907
8430
9553
8490
649
8855
8396
6497
7589
9899
7568
1634
7867
390
9819
8785
6271
6757
1980
9223
2302
9172
8482
849
7053
6613
2837
2009
4869
5270
4466
5246
8786
5394
8665
2768
8684
5557
8976
7022
7186
8185
4836
4190
5834
399
3178
6154
5663
9949
2838
9345
3882
2599
1021
9673
474
9742
5611
7369
5962
8109
1906
8954
2028
7322
4818
2805
9388
3983
8476
2557
9290
9703
5531
4975
5454
5747
3053
835
5423
5792
2672
68
6835
8255
4556
5254
5369
2185
7601
1719
9348
8137
7353
5754
325
4208
9096
8817
1461
5634
3223
4782
9293
9029
682
909
2035
491
3111
8803
4997
2082
5780
731
4548
1401
6019
6882
1353
4566
8345
7536
1211
3714
291
517
562
2405
334
5311
3939
5636
6447
4752
6520
5598
8751
6125
1561
7696
9972
5008
2449
9453
4298
8018
2267
2605
6006
480
6259
9967
7238
6053
4705
3346
1982
7312
9662
5462
5652
9867
1398
8229
4559
9869
8370
552
6600
1841
6863
189
6067
9009
4802
4187
5971
3266
887
1876
4520
3183
987
8026
3872
2089
3826
8763
369
3324
9136
2196
1411
2277
102
9676
2597
5333
8511
1078
5214
8246
8426
3751
928
1765
287
993
661
2175
5620
2217
1648
3760
4013
3643
920
4989
7189
3000
5061
6949
2905
9431
6469
8195
8304
1184
8595
2963
9768
5725
7776
5092
644
6084
3334
2673
5824
1066
8342
2026
2543
7396
7522
3360
4935
1945
5438
4702
8404
4270
4780
2006
9000
34
9015
2938
1717
469
7978
1816
5615
2740
3152
9689
7260
5032
5592
4826
9606
2901
7778
5485
1100
3842
1356
7927
5139
5601
3505
1734
5352
4380
5085
4615
4616
7625
9730
66
6910
1797
1014
2943
9630
9032
6507
4531
2181
1338
1301
7988
9926
7767
5464
4723
9792
3271
3715
1335
4787
4496
6840
7872
9347
6832
5027
7557
7188
340
6150
443
4015
5172
10
126
2291
9613
4105
6196
8598
2057
8873
9940
971
4410
5030
1866
6097
4905
5431
6455
5338
736
6808
3604
6114
4794
5655
7510
5263
400
9228
2993
5487
6015
8802
364
8986
8103
1958
1320
2292
9709
5296
8423
2541
3841
4494
8063
2311
6644
4328
8700
6492
2233
699
5843
7987
3912
4994
6165
1827
329
9064
5708
798
6656
6200
7349
5959
4872
3350
8425
4979
2774
7958
4413
7738
8604
9002
4754
3503
2719
4521
2224
5036
9886
6692
368
7332
6362
232
5816
1295
3163
4392
9637
2529
2463
6193
2232
5691
9795
4127
7546
8663
978
2961
8994
7516
4682
5660
7086
1630
8974
6338
3924
1359
9573
9646
7939
5771
6085
208
8243
6493
8517
4440
8907
8624
5822
2329
5908
8320
5584
1817
4201
5736
7537
9198
175
664
3737
4687
8395
5343
2490
4540
1491
7759
1532
9046
8099
3212
7112
5388
1749
1792
2497
5551
5882
7104
6057
898
127
8003
7953
2502
1641
5817
2917
608
6238
7294
1784
9295
995
5761
3791
3310
7421
2198
2550
6077
1835
7182
8462
6647
5570
5089
9699
1337
4874
7446
141
7483
905
9964
5919
3006
202
5365
7103
8519
5579
8854
4170
7034
7281
6096
4933
1545
6039
3460
5121
9008
2359
9438
8794
1557
3073
960
8407
5400
8645
9430
4698
3237
4090
4226
483
8583
1913
18
9986
4546
5151
672
5629
6923
3597
6066
6452
4178
3482
149
5561
5444
8198
6979
7193
7880
3171
578
1223
133
4415
3262
6384
5481
5162
2135
7715
3274
1343
5245
9872
6915
8533
1993
4243
6382
4374
4416
5612
9523
6572
4471
2624
7656
3293
2658
3661
3124
7110
3946
5860
6905
8043
8828
6442
3502
5960
9927
9508
4677
3341
3788
8222
5108
4648
9941
8778
8210
5251
768
4373
3100
7315
3902
2882
8438
9379
3399
8252
2304
6387
3245
7995
1707
2970
3918
861
7804
1851
4126
8779
4865
5025
4003
2480
5644
7876
8499
4054
5887
7160
1083
9571
3749
4870
153
6930
4561
2498
1577
7305
9023
9875
8861
170
293
5393
8594
3949
304
9969
2891
6000
4938
4978
4354
4225
9104
7036
519
8757
5415
1965
4892
911
3354
2948
986
5426
2348
7290
8168
4487
657
2851
289
3536
8756
2188
8876
8092
3631
2850
729
9178
3887
2360
9683
2975
98
8155
1456
1907
3888
3096
8945
57
511
7906
3044
257
4133
9780
6334
2237
5833
2563
9311
8996
8295
8108
3436
2815
3235
4215
5273
8997
4829
3689
9503
5397
3708
7813
8743
489
2365
8488
2831
6356
2001
4786
4177
3492
9739
6554
9199
2200
7565
243
8216
7233
8726
4167
1624
8894
2762
5890
94
9362
576
8867
4220
4381
8714
5638
5307
8534
5448
9341
4153
7607
867
9589
4851
3999
173
5751
8911
9445
9229
9174
6443
7729
7089
8701
5495
1837
1182
7049
8207
3849
5035
1570
3494
158
382
2855
7250
7346
227
1124
9624
3289
9857
8952
2145
6954
6358
9864
7758
4721
3672
5088
4331
1238
6963
5279
8998
6751
6107
9905
3135
4563
1134
1815
5970
2843
7735
5868
8784
7271
3950
4535
6256
7859
803
4740
3311
5073
131
3087
5167
5913
7376
2414
4403
70
9991
7666
260
2662
9214
3217
6876
9048
1680
2298
6868
7851
1129
7687
3551
7214
8716
1106
9985
8734
9474
2411
8331
5533
6202
5693
59
6805
7595
9797
4383
1116
7212
9597
6220
1204
6855
1298
6024
5493
4910
5129
8420
8232
4654
1264
1475
9878
3564
4150
9644
5696
2130
5916
9890
4401
7482
1274
7393
3908
7701
9915
3405
6162
309
4386
9762
8317
9129
395
8352
238
2609
2868
2617
1650
9988
522
2802
1596
8380
1904
4146
5326
6361
3787
2828
8967
6339
525
1094
5474
9616
2052
2491
5491
8338
7792
6542
5855
1086
5694
9390
6327
7500
7050
1347
8057
3268
7890
630
7128
5382
5258
3478
3300
4363
3172
5012
9843
7684
2332
1077
4017
2151
2018
1318
1095
8193
236
2692
864
6612
4184
7630
1167
3229
1367
9650
9695
4737
1060
7223
6489
8969
3789
3845
627
3256
7830
1885
8673
7879
3566
9162
5026
1918
1752
1091
9840
2102
8723
4154
1880
4071
6658
2713
3056
9307
5039
4137
7741
7057
9532
1968
5317
8979
4900
1303
207
6734
3446
9330
7470
1108
4652
255
7820
1057
7490
3148
1020
1405
5606
2506
6614
1691
723
1595
2396
4263
169
6968
8941
2225
1967
5445
3909
8685
9225
847
505
4476
8299
3409
1619
6370
8310
7562
2003
9891
9149
7392
6653
808
6296
9855
7965
1612
8385
9212
2634
348
6456
9261
4917
5190
2981
5225
5794
6044
9167
6115
5142
2152
2462
2383
246
2951
3612
8294
2352
6005
2875
6500
6118
8006
3576
4762
1345
688
8900
7665
1159
1666
831
7745
703
9957
1046
3874
5006
6621
8134
7398
2390
4483
1282
8929
6156
7333
2621
3355
9305
3185
1818
5204
4303
1096
2234
6884
6449
3116
4532
5770
322
199
8688
100
9089
9415
2670
1022
6532
6223
7301
2522
3897
1867
8415
3188
1065
3851
441
1149
6035
9475
9530
3066
2884
4166
1862
9316
1703
1574
9714
1727
5130
5524
6343
1939
6258
8154
3721
788
6929
1845
5632
2631
163
2620
5034
5791
8263
4918
6845
6119
2144
8227
9770
2369
2168
3989
7877
5591
90
328
8719
273
8162
6672
3933
3357
1831
452
8512
9246
1266
5378
106
6038
5535
6255
2320
875
82
4112
2965
8681
5914
738
5718
9411
9135
2171
1079
8208
2342
5758
1581
9653
5259
5284
3255
2274
4960
1659
9721
9543
2375
2319
420
8939
7886
714
9744
1828
8737
6009
5839
6622
6147
7094
4433
6766
9563
2037
2265
1754
9094
258
1202
486
6541
2659
8113
3784
7486
5472
1459
181
9806
1526
6951
7552
6437
5923
6060
6678
8586
9572
6759
913
7760
7935
8102
5896
8151
7564
7933
3227
5585
1674
829
2880
6214
1447
5973
3250
7636
355
1502
7619
9725
5519
3921
536
7765
3422
9962
3818
1479
2113
853
7599
412
5643
1872
1216
7675
7025
3454
2247
1199
3731
5322
785
5946
5374
366
3251
6458
4376
5407
8233
8118
629
2429
2180
1267
5293
3179
6036
8934
4068
2969
7106
2656
5131
3863
860
1787
188
5532
4011
7302
6344
1472
5302
5763
3919
4171
3654
2033
1744
9507
6972
5118
4169
6029
2932
7691
204
4289
2299
4228
2700
1430
7337
1941
9132
4840
9522
6316
7013
6087
624
4030
3244
889
9110
569
6031
5398
4538
8738
8428
4568
1498
9657
5720
1308
858
6398
5416
4272
7530
2432
5906
3318
3147
8409
3007
7569
1954
4647
2505
8284
3769
5194
4506
1764
5772
3843
775
5470
6904
832
8504
2123
574
5955
4838
1839
1361
6471
3793
1615
4800
3461
7952
3184
1649
5300
9727
5253
1620
1661
9804
346
3258
8924
2812
3764
957
4311
9356
2869
6148
6155
7077
4763
8349
7430
2967
3120
6962
2503
9306
7828
5769
2446
2155
2310
9641
4002
6762
1771
2366
6388
330
6789
9558
7645
4248
2627
2281
3506
6715
4689
3292
8017
1974
5056
3526
1822
4479
4196
3883
3650
1028
6505
719
8760
7381
8079
1603
1181
2876
7887
9408
9513
9056
8458
1842
6001
9319
9432
3804
5106
6355
4448
1877
9685
7618
1777
6649
952
8897
6504
3164
3206
5797
2482
5759
2142
2906
6550
2453
1623
6811
7293
1329
9733
4238
2956
5717
3853
9181
3390
8306
7210
5972
8427
9082
1503
6724
9248
8456
3741
7418
5492
2651
5511
9337
5651
283
5235
8031
6738
3750
2305
4157
2203
4823
89
2327
6267
67
9297
2664
515
2629
6081
6966
7058
9391
5695
2098
7670
7361
4308
3081
2391
4699
4888
5714
8452
7254
1578
5907
5468
6172
5410
3011
1874
1196
2867
7924
7842
9284
5626
7581
6435
1948
9895
880
4034
4014
8769
537
5458
998
9192
4833
2230
177
4553
6935
3319
3450
7881
1553
3010
6188
8177
5429
6026
4474
2173
5992
4735
7081
1011
16
5764
5482
5749
6518
267
8558
5635
9392
9112
980
852
3757
579
7202
1585
9632
1283
2081
8839
7428
565
1144
8749
7837
5077
3673
5775
8002
5031
938
7977
8015
8049
6375
6054
7062
5505
3591
3045
6889
3364
575
558
3553
9119
3510
5607
8110
1531
601
2753
7998
3155
4769
710
8054
6282
7070
9757
5297
2747
8416
9723
6261
9531
5419
2067
5602
6336
7163
9266
8261
4200
6933
7297
4920
6745
7695
9535
4082
4693
276
9257
7031
8089
2346
1285
1341
9622
9308
5001
52
4957
6231
249
2027
8668
7718
7967
2781
5384
4456
6540
9903
7265
3994
5658
4040
4428
3455
6776
7284
6272
9814
2105
6825
6194
1970
1949
4343
9441
5859
8832
1147
8287
6837
6632
1631
2689
809
2720
5176
6059
1925
7643
7027
3298
1560
2517
1190
6719
2022
5836
758
3444
3557
8336
1542
9068
2806
6490
3740
6328
9050
1053
7999
1888
4237
5294
6132
8248
2920
7770
3015
8627
6511
5183
1379
12
9434
5508
3885
2913
1232
7752
4490
8819
7905
3652
7121
5138
6333
1512
5152
37
5298
566
3653
6907
7283
4501
6763
6665
1342
3320
4965
7517
3969
7685
3480
6012
9472
4605
4949
6995
9244
5901
8021
4767
303
821
3125
7674
9044
1168
1310
5069
7986
9265
4696
2420
1317
9919
3928
8978
484
2922
4603
8366
2531
6508
5616
109
379
1455
3359
4273
5948
9848
35
3387
1559
5548
9809
24
823
5894
1636
3252
5640
8597
378
6102
7931
5100
6723
4033
2297
3817
8160
5733
1010
6175
9660
8114
8561
4149
7461
8774
2520
63
9996
2907
6144
5442
9839
2957
9588
2751
3755
772
1135
3068
2164
5107
6141
1340
6244
7175
9581
3776
7864
414
114
6401
2335
7359
6041
1148
690
3781
794
2160
8282
5440
7328
9562
5991
264
4748
4545
2350
5274
9279
7795
4771
2472
820
9852
9813
6348
963
6058
60
9422
5125
9593
1246
4720
4956
1321
5977
735
9821
5048
9849
7628
2622
1056
4671
6025
8335
8318
3052
509
7577
7350
3970
5937
3065
3497
2341
6135
3677
7132
1477
1849
7257
7273
6978
347
879
2525
6717
6562
5819
1923
2684
4269
1146
6331
6523
2086
4096
7964
7228
9473
9487
9930
8390
3681
2212
2743
1645
8371
613
6922
7668
4896
6753
3389
8215
9247
4806
8244
3020
683
4831
2129
6842
830
3400
4820
2470
917
7401
8640
3381
4016
3108
7015
5159
4353
3996
404
7637
2933
6685
9697
7655
3852
5135
7441
9579
8659
1403
8722
3859
4268
6743
9480
6265
4084
6235
1675
8236
9086
6608
5740
455
9882
3837
607
3465
8381
9171
119
5578
3459
2466
3074
2268
9349
8183
8073
3578
4037
5405
148
7511
6174
1770
3782
3544
4683
6536
3777
6494
4809
6243
9894
1657
9889
9296
3167
6173
4113
9454
6679
8356
3520
9564
1840
3140
767
6306
2711
8068
2534
4408
3535
2211
819
6298
477
675
4955
9273
2706
1259
6916
3424
5654
9153
7641
5193
5925
7090
8312
5237
3018
1773
9071
6482
5197
3439
3308
7429
7387
6347
2103
9914
4706
3406
6372
9398
3630
3825
2
9960
8020
9853
4024
6802
7833
7761
1113
3312
4078
7903
8149
7509
7071
9621
4145
6920
8506
667
1745
4424
7791
9006
7985
6610
3765
1825
7773
8592
6684
8826
1812
6089
7462
1176
6810
3835
5186
7303
8316
1706
8454
7661
7794
6768
9990
1385
1886
80
8874
4715
2695
2796
6801
7553
6433
6357
7330
924
2284
6363
9120
3194
9778
2820
4619
3517
5915
4904
8671
8201
7907
9361
6219
317
4241
2583
681
4773
3290
6710
8495
3025
5648
622
6146
5494
1175
8300
3062
9633
6408
8497
6788
5465
1590
542
5119
4610
3567
4756
4278
6999
6973
2223
7129
9193
3972
6055
5705
632
6636
6186
352
456
9115
3847
2887
9017
2613
1058
3415
3945
2201
4855
4285
290
592
9309
2117
4655
2795
5238
4000
4283
3694
7318
4942
2136
4581
5760
6360
4551
4116
2614
1743
3658
8027
8940
2158
193
4314
3964
8618
9956
5387
9763
8460
4864
6161
5969
2872
9577
8796
5212
2701
1994
7638
7222
7789
3534
3132
2591
1811
7224
7704
7413
2760
6659
6484
4821
4357
6919
1718
9538
1350
4704
662
6123
9958
2450
8850
3016
2657
5361
9142
8224
4661
3675
2043
3692
7373
7823
7870
7777
1281
7389
1568
2023
8793
5831
5062
4650
9117
4087
7633
9495
5866
1676
7310
9687
2308
8397
2283
9954
2241
2055
7319
7046
9601
1592
156
4147
1263
6197
8992
593
8052
3679
3868
5574
2323
7082
6112
9859
7780
8343
2784
176
2435
374
4397
4109
2262
6782
5854
1319
8615
6969
430
883
140
2576
583
2712
6130
5051
4069
3822
6880
4129
6379
42
6369
1788
6546
628
9831
2058
8880
2187
4697
9661
8184
398
6642
261
2169
7033
9258
40
8037
387
3923
1098
1669
5413
687
8389
3935
2736
79
3338
8341
83
5018
1670
866
4181
9617
6260
332
1140
5402
1003
9040
2521
8157
8508
183
4502
8848
1102
1138
7356
3744
2124
2251
8174
4275
2278
117
9150
3979
2214
625
7588
5877
3242
5583
2264
2962
8217
3154
428
5958
553
263
6821
8271
3898
3739
5811
116
5192
3528
2949
9815
7912
2582
2841
3937
2457
5124
7017
3891
2276
5756
9881
5963
4045
9984
7575
1432
9722
3838
2792
547
674
2940
6619
666
9101
4657
7873
9460
3593
1678
1160
9126
6601
3458
4813
9489
4692
1151
6275
2417
7862
3369
4587
1987
9980
7571
4379
7976
3702
7727
3299
7028
5158
1004
6774
6213
3595
10000
4544
7798
5336
9918
5154
8904
8815
8587
9587
3962
4847
1272
8824
7286
5002
9420
5892
8071
8273
8008
2767
3931
8886
7451
5412
2746
1352
5545
4877
1366
1576
9286
3303
6815
7604
3344
1599
415
3107
3906
5684
2338
4590
4911
9623
6227
6645
724
1871
9776
7941
590
1896
534
9357
5210
946
3920
3884
1013
9491
4868
8566
1357
3079
5845
9536
6579
8782
7781
4464
5810
7479
5127
9590
8403
2032
7808
8187
5430
5325
2011
3899
1833
559
8152
351
686
9072
5589
4027
1799
292
1391
2946
9269
2347
7782
8962
8862
1820
3803
3122
5168
4781
194
9975
7740
9750
4239
2076
7934
5353
1039
5011
4987
9539
4256
7994
3393
585
439
5101
1407
9549
6700
897
1000
8111
692
2182
4988
3353
7679
3022
4302
8075
3589
6376
5774
1716
3407
2896
940
918
2974
6549
2925
7000
773
7845
3828
1686
8450
3014
7324
6321
8340
7261
5503
6450
8055
6460
4834
7045
7749
815
6291
8266
1534
1294
3626
1224
8147
3158
684
4776
9425
7469
8683
1152
2108
5010
8578
8761
8060
8535
4098
4685
2544
4643
7878
5395
635
2773
7959
7187
3254
5123
6390
359
7700
8541
5981
3806
5239
9250
5389
6415
4982
9113
9547
3291
8394
8498
5185
4984
717
5437
6822
9455
3486
3778
2745
5603
7779
335
5681
2619
5466
6199
5649
6748
3196
6702
9202
2475
4369
2394
7354
8927
5111
6179
659
9369
8820
3489
9499
1299
653
5581
245
8980
1879
6602
2894
9252
5134
3561
1119
2606
9690
7466
6427
5509
6887
8478
8220
44
5228
3951
2560
4267
5295
8983
2649
2671
3565
4777
7096
7841
6526
1307
8045
3519
5331
4722
7962
771
9620
1635
8521
7382
6395
3307
4048
4367
790
3645
6136
6627
5707
3001
4093
4844
2842
3548
3110
5201
9751
5661
6970
7039
5837
769
2919
5680
9920
7477
4049
4242
5788
885
4759
5936
9416
2748
7267
447
6906
9560
1995
1393
357
4053
4295
2272
6424
944
4398
3893
3165
5600
6178
4505
2474
280
5846
5872
8847
7217
9231
233
392
1952
7263
5071
2861
7926
1696
3476
7455
4760
6061
5932
4665
7990
349
9816
1713
602
6758
1931
3981
4758
8023
3608
845
5456
135
2097
1413
21
1550
1360
2034
7099
5346
6180
9693
288
6657
4828
9803
750
7694
4747
2786
9754
2012
413
3331
8359
435
1729
4954
7329
2120
7822
7893
402
8569
8176
7108
8101
5339
6203
186
1484
7505
4452
5738
9505
8747
9654
1551
7279
1139
2444
5917
5081
1508
7280
7311
5685
9364
137
1930
2426
3518
5905
6583
240
1891
74
1844
9446
7686
8212
3584
4336
587
3894
7143
1554
8100
5884
8546
796
3726
7970
1795
3130
4922
4624
4992
9442
1805
7871
8355
9103
9414
5944
4815
2238
2702
7865
224
9105
7989
6565
8672
563
9368
8868
5262
7610
8799
1697
8909
6453
1920
4592
6955
5682
2862
3611
7756
5417
6446
301
9595
7815
8056
3221
3642
5582
3378
3892
9873
991
462
8346
7914
5988
9897
6168
9866
4081
1843
4586
5476
3335
7426
3328
3186
2586
3377
4584
4593
3259
3412
7021
1061
7932
3085
8199
4277
9354
7949
6595
1158
9811
5910
3403
3267
4491
5329
507
6252
1296
3070
1963
521
6007
2705
3639
9122
2726
2131
3448
4859
3276
7981
465
8540
9883
7134
1756
5745
4790
3493
5379
5716
8814
3285
9826
1855
5102
5289
8831
8339
1166
5181
8579
8070
6521
1230
2210
3284
9220
8000
1515
5980
4279
1201
3783
6858
8377
1109
8987
4194
6047
746
5420
8682
1029
4866
9671
5045
9443
2902
7240
419
5507
5918
535
6809
6374
2050
7542
9760
7249
1564
2293
4558
8567
2878
9069
1074
3858
343
3662
6510
1953
219
1248
2115
6775
2866
6641
7612
2643
3596
9184
707
2846
3095
7201
8633
1562
3580
5517
1998
4901
256
164
3471
5323
3895
2290
7946
6575
1672
573
8753
9005
3366
2495
4429
7060
7012
7184
3880
4317
7368
4739
1368
6412
8226
6322
9234
7578
9300
8036
2349
6737
7586
9929
3349
2852
5310
7817
962
6524
6689
38
610
5664
5330
9049
637
9798
6032
4107
5459
4944
4567
3904
7216
8474
6770
6661
6230
7901
9492
7627
8715
2996
9065
4435
6836
3800
3351
5467
5358
1791
5066
1262
7501
3484
6819
5563
6911
7142
5755
7056
3942
6106
8542
739
2587
6996
7698
3042
3049
8698
4489
7178
6957
5732
6439
8919
5865
1961
9911
4258
3343
4788
9925
6560
7423
2641
3696
4672
9087
6485
4018
1040
5223
6852
1378
6879
6943
7734
2968
128
3889
3033
1064
2412
8274
8887
2642
8662
7436
4858
727
9939
5802
6800
8435
5255
5037
1604
8724
9310
1178
4738
396
3635
6791
6124
1434
1290
8402
498
5773
3356
844
339
229
3059
1903
1090
6781
2088
8731
8647
9724
4064
3456
8128
6609
1854
7296
1654
417
9777
1621
3170
5083
4008
6215
6050
160
2595
8864
3973
6666
8890
7688
2513
1776
4229
1024
1914
7991
1200
733
8166
5724
7213
8467
5787
1935
5967
9190
9933
5800
1195
1794
5091
1523
865
8293
7928
5042
3628
5463
9640
7608
6113
7388
4950
2364
5667
2063
3057
5103
320
1433
2665
2918
6537
3780
5480
4436
3013
8638
3397
5219
3830
4848
9419
9270
9582
4636
2051
2317
344
5982
1644
2282
6105
7527
7190
286
1080
4390
1107
800
9710
6637
4792
5609
8502
8251
581
1606
5360
7843
9785
756
8053
4203
4205
2104
6708
787
9718
2431
7456
8948
680
6120
9844
7035
262
5362
8276
9887
2279
2822
4644
2285
9544
6475
572
4710
2761
482
6101
851
3722
7478
6900
1698
125
1416
3709
9545
4986
671
8515
4362
1547
6011
2561
9580
747
2404
6869
8257
2459
6573
669
7091
7540
377
5871
5729
3032
5180
1323
7763
1735
6342
4224
2546
9902
1462
4067
5308
2469
139
1782
6772
1035
4969
5867
8812
1991
5189
6353
2625
265
3911
9715
1180
4097
9994
9805
9992
7707
3144
5688
9950
3813
1984
6311
2468
4701
341
8565
5768
5542
2752
4842
1950
4219
1793
8616
4035
5697
2565
7463
8973
1552
4412
3938
7262
9575
2859
6945
7534
6783
9098
7277
5453
6730
2452
9912
5941
7519
1922
1540
3820
1962
983
7289
2231
1055
7585
8708
9384
3657
1187
9759
9862
8773
2128
9221
4552
4050
7227
9196
5473
6697
8211
1069
3200
9611
338
1027
2019
1245
2739
1457
4526
4168
7847
3138
6184
3586
4254
989
9367
4144
6534
2694
3634
3743
6824
9732
1848
5721
915
302
3795
836
8609
2002
1785
2681
9659
9175
8835
3862
9642
4941
9037
25
4221
4884
9810
3273
5861
2972
3141
8491
974
9935
9720
4598
2714
715
4253
9268
8398
9457
1964
3076
7647
4880
2295
14
9931
30
3365
9796
7130
6092
1193
2654
1597
228
4640
6466
1689
3414
4019
7520
2523
3208
3550
1110
1446
9448
5577
8475
3283
5889
281
5911
9629
2248
9355
3547
8514
1270
7079
7425
4684
9131
3247
7076
8369
5704
2111
5997
9146
7495
3870
3352
1075
3137
7167
7596
9406
8823
9051
2542
2790
3226
7816
5920
698
4959
4510
3498
9880
5593
9141
8078
81
3839
6893
3799
4618
6506
1082
5055
3027
9764
3114
6705
2312
7783
3395
4981
9779
6522
1390
3798
6604
6890
1256
7855
5196
9937
6040
2303
103
6976
927
4970
4322
9856
6814
7885
3987
4707
4031
2827
8138
4375
9025
2438
3625
2809
9501
3401
1400
3878
7975
4635
801
1520
3814
5828
4260
899
4785
7037
7719
1237
6908
4755
1002
6688
4182
6237
5363
5105
3474
5858
2729
7512
9375
1435
1443
7936
2821
8374
5113
478
9870
4573
4574
8922
7088
5990
7852
9219
4958
1608
7170
4131
8935
242
7005
2845
4342
7683
4611
9868
4537
4629
1185
9916
26
9194
4086
4703
3836
7673
1646
9461
1628
2221
8972
3844
972
3877
9400
8412
1884
8528
1587
86
754
5286
1369
8990
1244
5155
693
6319
7092
1072
6867
1555
9358
5469
1049
7051
9719
804
5371
9876
6440
9482
1191
3992
3246
5117
3805
7980
6069
6502
1806
4926
2127
5261
1638
1798
5248
2537
4807
4148
363
524
6003
4075
3763
2287
4995
3881
3802
2249
3952
6777
8156
1733
1679
5617
2667
2040
2756
97
71
6932
7072
282
1153
5966
8191
3960
6865
5452
5530
8856
4519
7708
9861
642
437
1900
4600
3633
9604
2361
230
446
4688
6982
9151
9691
2336
453
1929
2936
8725
9782
8946
8950
4265
1546
9437
8419
1442
3253
2132
195
8234
9823
4966
4928
105
47
9452
1188
1852
5550
8434
8123
6002
457
722
7950
9318
3543
312
6551
3379
6065
3440
9259
5156
7304
9186
9755
9497
4512
471
1228
6436
1384
902
8991
7226
3982
3198
6389
5891
1664
6848
6682
9570
7422
3666
5315
5671
6099
8721
5840
9067
5200
7810
8448
3430
9704
1292
5940
1830
8881
8795
9201
7966
8479
7960
4789
568
7563
448
8493
7078
4066
203
9893
5931
2354
1732
4124
6287
6373
9111
311
5220
492
4964
3261
6527
4662
4980
7220
2526
6164
606
2766
1105
6754
8591
5805
9639
1790
9700
5795
964
4727
250
4765
4579
5528
8599
210
8387
9352
9510
2685
1365
5690
9114
2215
8729
1747
8649
499
8999
8148
8164
6576
3039
4005
3094
4287
8510
7613
4591
9402
3064
806
9125
3850
3260
7375
3736
8531
1444
7634
1859
4604
2286
118
2261
5164
4939
612
7118
4061
2345
8127
5726
7292
8717
5880
8809
4912
2888
9180
868
1252
190
9070
8871
8406
6090
2628
9280
2401
2107
1316
8119
6795
209
9301
9462
5984
9471
6104
1748
5381
6716
77
1622
9013
753
8582
8443
8116
1396
2863
2559
4768
9509
3703
3416
3699
5625
1126
9123
9041
2731
108
2536
6877
4549
5529
1219
2926
2273
7793
4850
8758
1322
8422
1700
2343
1724
3396
2803
2388
9093
8334
2826
1362
9808
7123
8230
496
196
7351
6538
113
9313
1723
3929
4974
4393
1487
1414
7439
3725
5288
8503
679
7913
9989
9556
4085
1702
3501
5303
5590
6315
5247
6418
3469
5525
1519
6117
1781
1937
3041
7892
1346
9371
1488
5789
4351
8687
5522
2755
7493
9879
5646
3599
9713
4798
3348
4276
6310
497
5851
1483
9271
2698
5267
969
9546
4320
3729
2458
1485
6891
2408
5986
4770
813
9195
3029
1775
4930
475
7066
4318
5424
7774
1668
3215
6324
8596
6448
5109
6797
4927
4678
8943
9781
5150
226
5566
6170
5599
1052
2207
2950
2707
6229
1600
8926
4626
6221
9817
9965
8278
1921
8122
9787
4473
8032
8562
6959
1665
4100
2607
730
2785
2669
9488
1983
1045
9906
7270
7044
69
5335
5471
8538
4395
7158
4968
8892
5165
633
2637
7982
1889
744
1640
2000
7917
9166
6399
7200
1495
5518
2280
406
1522
8181
218
7197
1099
5766
4594
857
5989
8791
2799
2044
1694
7219
6654
737
7909
7728
5173
4680
4778
5575
200
8988
1786
92
7805
9018
342
3527
1588
8790
6828
8218
201
4726
8180
7458
8280
904
2574
5999
8322
990
445
5160
5344
5540
1030
3123
7731
7394
1399
2914
3009
1044
7840
6925
7102
5957
9801
1426
8746
6498
8307
8314
1804
2696
8742
4509
6216
5850
4252
6210
8139
1571
1762
7400
3742
6539
9665
3099
6421
6263
1203
3508
5743
4582
7574
7856
2340
1417
5784
9447
7093
6100
5639
33
2021
5689
3193
3900
1304
8484
7169
2501
401
1418
3103
4588
8105
4718
9012
1823
7207
2688
4315
3280
4155
3005
7326
9682
7899
9450
1589
5354
5126
2007
8920
9033
3831
5232
7348
7921
2848
2259
2407
7385
3815
3693
9241
3707
2939
212
1092
3228
9943
8281
1750
1497
1966
1979
2440
9014
8842
5460
88
762
3119
6211
3345
4686
4993
936
6793
7177
2881
3930
5049
1626
6630
9467
152
9908
8893
7570
2995
1500
3754
8262
3329
22
6786
5479
8930
7944
9680
9643
4110
6285
7650
6052
6564
1892
8882
132
1567
3846
159
7239
6208
5665
2535
2551
3030
5087
1137
8912
2818
1440
1376
7362
4160
3995
2991
5016
2307
5060
5327
5209
1370
6846
533
7753
4095
6820
8771
9102
3131
4822
8947
6320
1047
1690
5993
4180
5878
254
275
9210
6095
1234
5401
996
365
4716
3901
782
531
4749
9663
8752
3961
6926
8357
3077
523
7372
616
1692
4355
7692
5741
252
4389
6391
1397
3004
9378
8589
9860
1801
5128
8866
5812
9088
4284
6792
9370
1327
3304
9614
4361
7457
3084
3832
2744
6985
8440
8279
895
8680
1348
2708
9389
3325
4217
8735
4724
3539
8225
9645
9793
7306
7473
1881
7415
8608
7716
4925
8120
6292
7245
1940
914
6056
3772
1864
2989
4299
7218
3590
1611
8050
3386
2094
4641
6016
5623
8083
5004
467
4447
1927
784
6289
1291
7748
299
2024
2331
6942
7730
8965
9550
5815
5804
9942
5897
1463
3472
8573
549
3117
8485
6892
6380
4633
3948
2382
2858
3732
5334
1704
8588
655
4319
4305
1721
3169
9426
6675
856
1655
7269
8704
9692
4664
5024
8863
2623
676
3139
6465
5737
7657
5673
4527
5080
9521
5668
5633
172
6190
2973
8417
41
3127
3572
3157
741
2184
6704
7523
7969
1741
383
6091
1513
7910
454
7972
1406
9834
360
7098
3617
9118
8285
4893
5541
7857
1218
9204
6204
8035
4359
9383
6205
870
8277
4999
1208
5231
8913
4046
5874
9177
1210
9669
7937
3532
2723
3037
7295
3649
961
5659
367
5547
8473
4899
907
4906
4784
6018
7054
7544
2988
9666
9822
7335
7259
4173
4230
3332
7821
9993
4255
3864
4193
520
5863
3638
6587
2839
110
8530
5075
1123
4414
5184
5483
3265
6166
1737
8289
8968
3411
5241
9140
1898
1371
2205
8509
8062
7095
8253
7114
8841
2646
